1781
1 41.97533000 28.05239000
2 41.97651000 28.05130000
3 41.97667000 28.00933000
4 41.98214000 27.96523000
5 41.98709000 27.92118000
6 42.00460000 27.87697000
7 41.97186000 27.84359000
8 41.95740000 27.80163000
9 41.98083000 27.75355000
10 41.97589000 27.71039000
11 41.96509000 27.66845000
12 41.94498000 27.62804000
13 41.92551000 27.58596000
14 41.94409000 27.54093000
15 41.96141000 27.49566000
16 41.98814000 27.45145000
17 42.01825000 27.41547000
18 42.04911000 27.39328000
19 42.07458000 27.34908000
20 42.09469000 27.30208000
21 42.10137000 27.25770000
22 42.06791000 27.22794000
23 42.06390000 27.18266000
24 42.07786000 27.13689000
25 42.09071000 27.09353000
26 42.08048000 27.05252000
27 42.05123000 27.01118000
28 42.01662000 26.97141000
29 42.00455000 26.92900000
30 41.98906000 26.88333000
31 41.98120000 26.84183000
32 41.98375000 26.79724000
33 41.97414000 26.75594000
34 41.97223000 26.71150000
35 41.97908000 26.66545000
36 41.96994000 26.62444000
37 41.93717000 26.58471000
38 41.90506000 26.58029000
39 41.87226000 26.57661000
40 41.84437000 26.53642000
41 41.82991000 26.49411000
42 41.82369000 26.44958000
43 41.81889000 26.40820000
44 41.80596000 26.36741000
45 41.77242000 26.34050000
46 41.73946000 26.33466000
47 41.72290000 26.28774000
48 41.70813000 26.33522000
49 41.69944000 26.38134000
50 41.68192000 26.42480000
51 41.67991000 26.46784000
52 41.65191000 26.51406000
53 41.62453000 26.56248000
54 41.59452000 26.60061000
55 41.56150000 26.61373000
56 41.52837000 26.61699000
57 41.49691000 26.62334000
58 41.46336000 26.62795000
59 41.43091000 26.63441000
60 41.39848000 26.64511000
61 41.36241000 26.64080000
62 41.33253000 26.60044000
63 41.32884000 26.55661000
64 41.32921000 26.55067000
65 41.31684000 26.51041000
66 41.28572000 26.47092000
67 41.26594000 26.43119000
68 41.24584000 26.38661000
69 41.25150000 26.34343000
70 41.21718000 26.32437000
71 41.18338000 26.32520000
72 41.15152000 26.32517000
73 41.11762000 26.32831000
74 41.08532000 26.33322000
75 41.05088000 26.34327000
76 41.01888000 26.36444000
77 40.98589000 26.35865000
78 40.95201000 26.32721000
79 40.91864000 26.30389000
80 40.90881000 26.26265000
81 40.87500000 26.23291000
82 40.84039000 26.20980000
83 40.81784000 26.16745000
84 40.78422000 26.12965000
85 40.75732000 26.08916000
86 40.73103000 26.05058000
87 40.69617000 26.05426000
88 40.66422000 26.05339000
89 40.63312000 26.06897000
90 40.60238000 26.11239000
91 40.59551000 26.15436000
92 40.60444000 26.19615000
93 40.60693000 26.23804000
94 40.59865000 26.28177000
95 40.59383000 26.32575000
96 40.61684000 26.36471000
97 40.61529000 26.40607000
98 40.61737000 26.45060000
99 40.61098000 26.49410000
100 40.60476000 26.53660000
101 40.61645000 26.57749000
102 40.63546000 26.61696000
103 40.64787000 26.65781000
104 40.64906000 26.70147000
105 40.64945000 26.74425000
106 40.64727000 26.78567000
107 40.61519000 26.81495000
108 40.58094000 26.80003000
109 40.56877000 26.75821000
110 40.55646000 26.71836000
111 40.52494000 26.67990000
112 40.51131000 26.63925000
113 40.50402000 26.59730000
114 40.49650000 26.55602000
115 40.47379000 26.51704000
116 40.45935000 26.47621000
117 40.44152000 26.43674000
118 40.42335000 26.39603000
119 40.40549000 26.35660000
120 40.37754000 26.31798000
121 40.36448000 26.27677000
122 40.34256000 26.23624000
123 40.31886000 26.21789000
124 40.31710000 26.22132000
125 40.31822000 26.22701000
126 40.31541000 26.23314000
127 40.31300000 26.23405000
128 40.31040000 26.23596000
129 40.30629000 26.23738000
130 40.30143000 26.23115000
131 40.29147000 26.23387000
132 40.25846000 26.25821000
133 40.22641000 26.26726000
134 40.20449000 26.25712000
135 40.19836000 26.25039000
136 40.17434000 26.23469000
137 40.14212000 26.22217000
138 40.10754000 26.20027000
139 40.07455000 26.17242000
140 40.04207000 26.16737000
141 40.05273000 26.20897000
142 40.07211000 26.24800000
143 40.09698000 26.28805000
144 40.12152000 26.33075000
145 40.15448000 26.35869000
146 40.18637000 26.35487000
147 40.22142000 26.38488000
148 40.23490000 26.42533000
149 40.25617000 26.46431000
150 40.28776000 26.50253000
151 40.30661000 26.54666000
152 40.33211000 26.58687000
153 40.36484000 26.61246000
154 40.39599000 26.65245000
155 40.42960000 26.68058000
156 40.45948000 26.72045000
157 40.48219000 26.76046000
158 40.50015000 26.80001000
159 40.51746000 26.84127000
160 40.53268000 26.88082000
161 40.54628000 26.92249000
162 40.54733000 26.96513000
163 40.57265000 27.00499000
164 40.58783000 27.04493000
165 40.60261000 27.08654000
166 40.61470000 27.12909000
167 40.62402000 27.17516000
168 40.64138000 27.21981000
169 40.66615000 27.26473000
170 40.69593000 27.30692000
171 40.72860000 27.33459000
172 40.76554000 27.35961000
173 40.80048000 27.39296000
174 40.82265000 27.43244000
175 40.85670000 27.46366000
176 40.89050000 27.47672000
177 40.92581000 27.49518000
178 40.95881000 27.51649000
179 40.97780000 27.55736000
180 40.96858000 27.60186000
181 40.97800000 27.64430000
182 40.98449000 27.68767000
183 40.99279000 27.73316000
184 41.00179000 27.77794000
185 40.98574000 27.82076000
186 40.97015000 27.86318000
187 40.95272000 27.90835000
188 40.95515000 27.95142000
189 40.98941000 27.99009000
190 41.02376000 28.01576000
191 41.04307000 28.05677000
192 41.05375000 28.09822000
193 41.06130000 28.14157000
194 41.06744000 28.18669000
195 41.07128000 28.23037000
196 41.06989000 28.27351000
197 41.06107000 28.31628000
198 41.04655000 28.35886000
199 41.03573000 28.40178000
200 41.01686000 28.44695000
201 41.00567000 28.49311000
202 40.98863000 28.53581000
203 40.97013000 28.57926000
204 40.95681000 28.62293000
205 40.95599000 28.66529000
206 40.95321000 28.70844000
207 40.95433000 28.75064000
208 40.95767000 28.79333000
209 40.95556000 28.83578000
210 40.95275000 28.87958000
211 40.96681000 28.92017000
212 40.98528000 28.96046000
213 40.98794000 28.96515000
214 41.02045000 28.99956000
215 41.05411000 29.01438000
216 41.08640000 29.04397000
217 41.11905000 29.05857000
218 41.15351000 29.06327000
219 41.18628000 29.06874000
220 41.22004000 29.08656000
221 41.24433000 29.10180000
222 41.26428000 29.05921000
223 41.26444000 29.01510000
224 41.26279000 28.96948000
225 41.27015000 28.92744000
226 41.27595000 28.88387000
227 41.28820000 28.84177000
228 41.30233000 28.79756000
229 41.31329000 28.75454000
230 41.32914000 28.71113000
231 41.34806000 28.66485000
232 41.36494000 28.61739000
233 41.38379000 28.57040000
234 41.39346000 28.52805000
235 41.40845000 28.48362000
236 41.42811000 28.43912000
237 41.44754000 28.39526000
238 41.46318000 28.35006000
239 41.47832000 28.30487000
240 41.49643000 28.26007000
241 41.51161000 28.21647000
242 41.54586000 28.18501000
243 41.57700000 28.16594000
244 41.60889000 28.13200000
245 41.64203000 28.10351000
246 41.67429000 28.11288000
247 41.70559000 28.08221000
248 41.73832000 28.05566000
249 41.76935000 28.03484000
250 41.80165000 28.01487000
251 41.83490000 28.00403000
252 41.86744000 27.98895000
253 41.88879000 28.03193000
254 41.92255000 28.06197000
255 41.95575000 28.06038000
256 41.97520000 28.04976000
257 41.97533000 28.05239000
258 41.55727000 41.53376000
259 41.52666000 41.50573000
260 41.49318000 41.47217000
261 41.46059000 41.43217000
262 41.42897000 41.40019000
263 41.40508000 41.35464000
264 41.39481000 41.30829000
265 41.38948000 41.26575000
266 41.35847000 41.22281000
267 41.32896000 41.18367000
268 41.31309000 41.13911000
269 41.28708000 41.09450000
270 41.25872000 41.04773000
271 41.23474000 41.00176000
272 41.21806000 40.95723000
273 41.20424000 40.91006000
274 41.20150000 40.86305000
275 41.19573000 40.81672000
276 41.18148000 40.77185000
277 41.15136000 40.72348000
278 41.12178000 40.69186000
279 41.09077000 40.65459000
280 41.07552000 40.60875000
281 41.06570000 40.56280000
282 41.05651000 40.51855000
283 41.05019000 40.47557000
284 41.05065000 40.42573000
285 41.04916000 40.39821000
286 41.03871000 40.35323000
287 41.01656000 40.30525000
288 40.98565000 40.26399000
289 40.95748000 40.21716000
290 40.94133000 40.17144000
291 40.93563000 40.12863000
292 40.94584000 40.08332000
293 40.96195000 40.04275000
294 40.96795000 40.00193000
295 40.97717000 39.96041000
296 40.97781000 39.91261000
297 40.98217000 39.86903000
298 40.99240000 39.82106000
299 41.00896000 39.77947000
300 41.02071000 39.73518000
301 41.02689000 39.69335000
302 41.02478000 39.64920000
303 41.02227000 39.60275000
304 41.03185000 39.56118000
305 41.04459000 39.52018000
306 41.07669000 39.48169000
307 41.10157000 39.43900000
308 41.10824000 39.39486000
309 41.10278000 39.35139000
310 41.08746000 39.30751000
311 41.09073000 39.30613000
312 41.09073000 39.30613000
313 41.08669000 39.26344000
314 41.08199000 39.21844000
315 41.08287000 39.17516000
316 41.07928000 39.13253000
317 41.07506000 39.08659000
318 41.06371000 39.04015000
319 41.04679000 38.99625000
320 41.04580000 38.95481000
321 41.03405000 38.91066000
322 41.02358000 38.86499000
323 41.01182000 38.82022000
324 41.00150000 38.77621000
325 40.98336000 38.73006000
326 40.97116000 38.68271000
327 40.96576000 38.63746000
328 40.97331000 38.59503000
329 40.95965000 38.54599000
330 40.94249000 38.49740000
331 40.93310000 38.45193000
332 40.92681000 38.40862000
333 40.92789000 38.36547000
334 40.92679000 38.32087000
335 40.94409000 38.27839000
336 40.94746000 38.23212000
337 40.94606000 38.18750000
338 40.94857000 38.14376000
339 40.95860000 38.09560000
340 40.96604000 38.05052000
341 40.97510000 38.00813000
342 40.98565000 37.96516000
343 40.99419000 37.92272000
344 41.00724000 37.87727000
345 41.02635000 37.83474000
346 41.05903000 37.79880000
347 41.09266000 37.80293000
348 41.12433000 37.75939000
349 41.11657000 37.71563000
350 41.12180000 37.67389000
351 41.09337000 37.62808000
352 41.06203000 37.59681000
353 41.04300000 37.54927000
354 41.05336000 37.50685000
355 41.08362000 37.46573000
356 41.10267000 37.41979000
357 41.11431000 37.37411000
358 41.12114000 37.33210000
359 41.14534000 37.28537000
360 41.15251000 37.23878000
361 41.15842000 37.19245000
362 41.16542000 37.15138000
363 41.17426000 37.10484000
364 41.18703000 37.05814000
365 41.21965000 37.03447000
366 41.25287000 37.03561000
367 41.28538000 37.01582000
368 41.29836000 36.97917000
369 41.30711000 36.96387000
370 41.27455000 36.98597000
371 41.27019000 36.94269000
372 41.30286000 36.91600000
373 41.33518000 36.90300000
374 41.35320000 36.85997000
375 41.36578000 36.81735000
376 41.37517000 36.77295000
377 41.38575000 36.73022000
378 41.39141000 36.68630000
379 41.39014000 36.64309000
380 41.36204000 36.59920000
381 41.33070000 36.57939000
382 41.29760000 36.54942000
383 41.27881000 36.50596000
384 41.26862000 36.46251000
385 41.26728000 36.41905000
386 41.27406000 36.37556000
387 41.30796000 36.34146000
388 41.34262000 36.30638000
389 41.36828000 36.26443000
390 41.37355000 36.21884000
391 41.37559000 36.21498000
392 41.40792000 36.19706000
393 41.44565000 36.16653000
394 41.48065000 36.13622000
395 41.51545000 36.11699000
396 41.55075000 36.11120000
397 41.58249000 36.11251000
398 41.61530000 36.10828000
399 41.64749000 36.09713000
400 41.67912000 36.07512000
401 41.71582000 36.02992000
402 41.74358000 35.98835000
403 41.76271000 35.94651000
404 41.73806000 35.90211000
405 41.72569000 35.85906000
406 41.71798000 35.81516000
407 41.70583000 35.77116000
408 41.69414000 35.72818000
409 41.67962000 35.67595000
410 41.67116000 35.62782000
411 41.66634000 35.58340000
412 41.65905000 35.53728000
413 41.66475000 35.49475000
414 41.68256000 35.44688000
415 41.71455000 35.40454000
416 41.72341000 35.36071000
417 41.72855000 35.31909000
418 41.74796000 35.27544000
419 41.78233000 35.23466000
420 41.81613000 35.20139000
421 41.84965000 35.16973000
422 41.87959000 35.12548000
423 41.91376000 35.10068000
424 41.94664000 35.08309000
425 41.97834000 35.08755000
426 42.01194000 35.09831000
427 42.03687000 35.14293000
428 42.03743000 35.18814000
429 42.03406000 35.20557000
430 42.03406000 35.20557000
431 42.05784000 35.16275000
432 42.05408000 35.11747000
433 42.05668000 35.07362000
434 42.08929000 35.02856000
435 42.11104000 34.98628000
436 42.10990000 34.94332000
437 42.07314000 34.92565000
438 42.04161000 34.89882000
439 42.00850000 34.85089000
440 41.98911000 34.80745000
441 41.96972000 34.76339000
442 41.97269000 34.71991000
443 41.97367000 34.67706000
444 41.97366000 34.63355000
445 41.97218000 34.58410000
446 41.97289000 34.53531000
447 41.98193000 34.49187000
448 41.97742000 34.44898000
449 41.97831000 34.40547000
450 41.97992000 34.36197000
451 41.97734000 34.31745000
452 41.97449000 34.27293000
453 41.97311000 34.22942000
454 41.98204000 34.18494000
455 41.98430000 34.14308000
456 41.98459000 34.09857000
457 41.99052000 34.04847000
458 42.00013000 34.00330000
459 41.99667000 33.95779000
460 41.99247000 33.91427000
461 41.98825000 33.86878000
462 41.98228000 33.82264000
463 41.97803000 33.77913000
464 41.98335000 33.73560000
465 41.98669000 33.69173000
466 41.99542000 33.64586000
467 41.99799000 33.60232000
468 42.00251000 33.55679000
469 42.01020000 33.51155000
470 42.01394000 33.46469000
471 42.01965000 33.42110000
472 42.02533000 33.37586000
473 42.02335000 33.32804000
474 42.00858000 33.28334000
475 41.99036000 33.23968000
476 41.97848000 33.19102000
477 41.97277000 33.14659000
478 41.96531000 33.10218000
479 41.94331000 33.05602000
480 41.92060000 33.01417000
481 41.91114000 32.97149000
482 41.89796000 32.92724000
483 41.87960000 32.88210000
484 41.86956000 32.83520000
485 41.86246000 32.78825000
486 41.85735000 32.74556000
487 41.85765000 32.70376000
488 41.85178000 32.66109000
489 41.83603000 32.61765000
490 41.81582000 32.57169000
491 41.80989000 32.52905000
492 41.79781000 32.48657000
493 41.78125000 32.44157000
494 41.76270000 32.39730000
495 41.74686000 32.35331000
496 41.74007000 32.30748000
497 41.72607000 32.25658000
498 41.69178000 32.21708000
499 41.65899000 32.18052000
500 41.62734000 32.13839000
501 41.60640000 32.08945000
502 41.58157000 32.04491000
503 41.56088000 31.99929000
504 41.54473000 31.94636000
505 41.53294000 31.90478000
506 41.51886000 31.85936000
507 41.49759000 31.81288000
508 41.48007000 31.76990000
509 41.46156000 31.72796000
510 41.43590000 31.68596000
511 41.41214000 31.64163000
512 41.38214000 31.59330000
513 41.35893000 31.54117000
514 41.35338000 31.49889000
515 41.34191000 31.45684000
516 41.32498000 31.41337000
517 41.29159000 31.39504000
518 41.25803000 31.40317000
519 41.22464000 31.39660000
520 41.19315000 31.37498000
521 41.15946000 31.34368000
522 41.13066000 31.30049000
523 41.11858000 31.25602000
524 41.10474000 31.21164000
525 41.09779000 31.16699000
526 41.09946000 31.12329000
527 41.09869000 31.08099000
528 41.09294000 31.03728000
529 41.07960000 30.99619000
530 41.07232000 30.95159000
531 41.07096000 30.90803000
532 41.07564000 30.86062000
533 41.08903000 30.81703000
534 41.09925000 30.76608000
535 41.10836000 30.72038000
536 41.11633000 30.67863000
537 41.12585000 30.63126000
538 41.13108000 30.58963000
539 41.13440000 30.54221000
540 41.15028000 30.49513000
541 41.16480000 30.45234000
542 41.17494000 30.40389000
543 41.18631000 30.35600000
544 41.20021000 30.31091000
545 41.21164000 30.26625000
546 41.21126000 30.22223000
547 41.17732000 30.19311000
548 41.15535000 30.14511000
549 41.15106000 30.10394000
550 41.14816000 30.06010000
551 41.14321000 30.01475000
552 41.14196000 29.96984000
553 41.14002000 29.92693000
554 41.13831000 29.88400000
555 41.14757000 29.83781000
556 41.14872000 29.79307000
557 41.15056000 29.74731000
558 41.16306000 29.70382000
559 41.16126000 29.66056000
560 41.16813000 29.61871000
561 41.17366000 29.57465000
562 41.18458000 29.52338000
563 41.19054000 29.47829000
564 41.19928000 29.43562000
565 41.21329000 29.38932000
566 41.22671000 29.34108000
567 41.22965000 29.29615000
568 41.23069000 29.25363000
569 41.23489000 29.22265000
570 41.23489000 29.22265000
571 41.23880000 29.17862000
572 41.22745000 29.13533000
573 41.19410000 29.09723000
574 41.16126000 29.07184000
575 41.12930000 29.06794000
576 41.09471000 29.04826000
577 41.06181000 29.03369000
578 41.02846000 29.01428000
579 40.99557000 29.00625000
580 40.96414000 29.02121000
581 40.94888000 29.06362000
582 40.91931000 29.11222000
583 40.90257000 29.15533000
584 40.87912000 29.20376000
585 40.85444000 29.24639000
586 40.83904000 29.27472000
587 40.83447000 29.27146000
588 40.83002000 29.27112000
589 40.80040000 29.32052000
590 40.76885000 29.34600000
591 40.75818000 29.38888000
592 40.75681000 29.40453000
593 40.76466000 29.44844000
594 40.76186000 29.49823000
595 40.76505000 29.54407000
596 40.76769000 29.58865000
597 40.77233000 29.63440000
598 40.77371000 29.67906000
599 40.77100000 29.72042000
600 40.73624000 29.72710000
601 40.71310000 29.68706000
602 40.70610000 29.64344000
603 40.70484000 29.60238000
604 40.70523000 29.55311000
605 40.72387000 29.51075000
606 40.70626000 29.46880000
607 40.70626000 29.46880000
608 40.69549000 29.42577000
609 40.69930000 29.38373000
610 40.69209000 29.33788000
611 40.67572000 29.29753000
612 40.67301000 29.25399000
613 40.66520000 29.20660000
614 40.65667000 29.16023000
615 40.65254000 29.11357000
616 40.64983000 29.07167000
617 40.65021000 29.02728000
618 40.65169000 28.98605000
619 40.61886000 28.94440000
620 40.60038000 28.89850000
621 40.58558000 28.85268000
622 40.55695000 28.81244000
623 40.52370000 28.77419000
624 40.49217000 28.82051000
625 40.48249000 28.86452000
626 40.46973000 28.90649000
627 40.45879000 28.95057000
628 40.45834000 28.99258000
629 40.46620000 29.03303000
630 40.46582000 29.07730000
631 40.43243000 29.12292000
632 40.40663000 29.08343000
633 40.37883000 29.04379000
634 40.36423000 29.00130000
635 40.35139000 28.96030000
636 40.35187000 28.91932000
637 40.38206000 28.87549000
638 40.38542000 28.82782000
639 40.39543000 28.78029000
640 40.39336000 28.73882000
641 40.38042000 28.69753000
642 40.36938000 28.65483000
643 40.36159000 28.61349000
644 40.36528000 28.56998000
645 40.37001000 28.52767000
646 40.37387000 28.48317000
647 40.38949000 28.43707000
648 40.39204000 28.39168000
649 40.39085000 28.35079000
650 40.38907000 28.30317000
651 40.38827000 28.25578000
652 40.39132000 28.21196000
653 40.39203000 28.17090000
654 40.39006000 28.12588000
655 40.38546000 28.07785000
656 40.38157000 28.02976000
657 40.37479000 27.98839000
658 40.36943000 27.94109000
659 40.37689000 27.89880000
660 40.40690000 27.94008000
661 40.42770000 27.98026000
662 40.45153000 28.02213000
663 40.45543000 28.02600000
664 40.45977000 28.02885000
665 40.47355000 28.02799000
666 40.48743000 27.98509000
667 40.49400000 27.93926000
668 40.50637000 27.89161000
669 40.51584000 27.84064000
670 40.51440000 27.79387000
671 40.52541000 27.74953000
672 40.51280000 27.70700000
673 40.47962000 27.69126000
674 40.44703000 27.73332000
675 40.41315000 27.77450000
676 40.38463000 27.81934000
677 40.35970000 27.86222000
678 40.33623000 27.81913000
679 40.32322000 27.77803000
680 40.30104000 27.73648000
681 40.30297000 27.69374000
682 40.31701000 27.64666000
683 40.31680000 27.60152000
684 40.31337000 27.56087000
685 40.31232000 27.51000000
686 40.31521000 27.46811000
687 40.32630000 27.42286000
688 40.34168000 27.37977000
689 40.37139000 27.33690000
690 40.40426000 27.31533000
691 40.43549000 27.29972000
692 40.46725000 27.29795000
693 40.46630000 27.25503000
694 40.45170000 27.21539000
695 40.44532000 27.17302000
696 40.44868000 27.12839000
697 40.45143000 27.08641000
698 40.42353000 27.04426000
699 40.39484000 27.00158000
700 40.38771000 26.96030000
701 40.39708000 26.91443000
702 40.41056000 26.87136000
703 40.40991000 26.82359000
704 40.41359000 26.77828000
705 40.41203000 26.73642000
706 40.40916000 26.72993000
707 40.40754000 26.72364000
708 40.38839000 26.70561000
709 40.36097000 26.66552000
710 40.33739000 26.62409000
711 40.30162000 26.58141000
712 40.27007000 26.54347000
713 40.23476000 26.49695000
714 40.20730000 26.45768000
715 40.20472000 26.41347000
716 40.17118000 26.38393000
717 40.14192000 26.36716000
718 40.10578000 26.35115000
719 40.07233000 26.32714000
720 40.03718000 26.30367000
721 40.00475000 26.26513000
722 40.00969000 26.22374000
723 39.99860000 26.18318000
724 39.96423000 26.16453000
725 39.93067000 26.15063000
726 39.89811000 26.14080000
727 39.86222000 26.14034000
728 39.82886000 26.13703000
729 39.79269000 26.13243000
730 39.76049000 26.13894000
731 39.72733000 26.14233000
732 39.69375000 26.13585000
733 39.66143000 26.13339000
734 39.63010000 26.13083000
735 39.59743000 26.11211000
736 39.56087000 26.07979000
737 39.52777000 26.06946000
738 39.49591000 26.06284000
739 39.46659000 26.09742000
740 39.45913000 26.14101000
741 39.46981000 26.18226000
742 39.47628000 26.22367000
743 39.48390000 26.26783000
744 39.49359000 26.31368000
745 39.50171000 26.35844000
746 39.50611000 26.39946000
747 39.51428000 26.44167000
748 39.52538000 26.48358000
749 39.53698000 26.52960000
750 39.54555000 26.57116000
751 39.55292000 26.61349000
752 39.55643000 26.65368000
753 39.55728000 26.69894000
754 39.55970000 26.74595000
755 39.56397000 26.78703000
756 39.56697000 26.82792000
757 39.57169000 26.86896000
758 39.57138000 26.91274000
759 39.53838000 26.93937000
760 39.50526000 26.91876000
761 39.47236000 26.90198000
762 39.46402000 26.86232000
763 39.43219000 26.82284000
764 39.42505000 26.78309000
765 39.39028000 26.77645000
766 39.35609000 26.73920000
767 39.33750000 26.69877000
768 39.30768000 26.66081000
769 39.28594000 26.65321000
770 39.28810000 26.64821000
771 39.29675000 26.64413000
772 39.30386000 26.63543000
773 39.30921000 26.63010000
774 39.30647000 26.61416000
775 39.30183000 26.61114000
776 39.28122000 26.60185000
777 39.27870000 26.60116000
778 39.27414000 26.59941000
779 39.27414000 26.59941000
780 39.26612000 26.60152000
781 39.26312000 26.60502000
782 39.26364000 26.61323000
783 39.26394000 26.61797000
784 39.26376000 26.62689000
785 39.26294000 26.63334000
786 39.26084000 26.63928000
787 39.25820000 26.64846000
788 39.23672000 26.69234000
789 39.20401000 26.72274000
790 39.17006000 26.74529000
791 39.14822000 26.79166000
792 39.11768000 26.82968000
793 39.08598000 26.83670000
794 39.07880000 26.84060000
795 39.07816000 26.84225000
796 39.07949000 26.84370000
797 39.04801000 26.85449000
798 39.01777000 26.81697000
799 38.98269000 26.79741000
800 38.94556000 26.80466000
801 38.92590000 26.84653000
802 38.91204000 26.89064000
803 38.93788000 26.92920000
804 38.93028000 26.97110000
805 38.93048000 27.01127000
806 38.91256000 27.02569000
807 38.88079000 27.03165000
808 38.85358000 26.99039000
809 38.82111000 26.97242000
810 38.82394000 26.93359000
811 38.82639000 26.92924000
812 38.81590000 26.89900000
813 38.81432000 26.89347000
814 38.81310000 26.89359000
815 38.81068000 26.89447000
816 38.78063000 26.92052000
817 38.74851000 26.91678000
818 38.74557000 26.87698000
819 38.74696000 26.83517000
820 38.74300000 26.79517000
821 38.72940000 26.75551000
822 38.69692000 26.73831000
823 38.66369000 26.73666000
824 38.63326000 26.75205000
825 38.60992000 26.79413000
826 38.62857000 26.83574000
827 38.59771000 26.84829000
828 38.56617000 26.84610000
829 38.53677000 26.87832000
830 38.50602000 26.90089000
831 38.47380000 26.91164000
832 38.44253000 26.92575000
833 38.44234000 26.96725000
834 38.45105000 27.00883000
835 38.45201000 27.04929000
836 38.42012000 27.04108000
837 38.40882000 26.99726000
838 38.39775000 26.95342000
839 38.38598000 26.91062000
840 38.37320000 26.87169000
841 38.36076000 26.83054000
842 38.36099000 26.79064000
843 38.39075000 26.74869000
844 38.42053000 26.72304000
845 38.38541000 26.68766000
846 38.35280000 26.68032000
847 38.35618000 26.64010000
848 38.38692000 26.61808000
849 38.41784000 26.60672000
850 38.45055000 26.58855000
851 38.48616000 26.61946000
852 38.51764000 26.62061000
853 38.54881000 26.59377000
854 38.57940000 26.56948000
855 38.60948000 26.54901000
856 38.64004000 26.52059000
857 38.66925000 26.48282000
858 38.68042000 26.44158000
859 38.68305000 26.39870000
860 38.65262000 26.36095000
861 38.61906000 26.34721000
862 38.58679000 26.34532000
863 38.55435000 26.34849000
864 38.52382000 26.36184000
865 38.49318000 26.38463000
866 38.46078000 26.38840000
867 38.46695000 26.42958000
868 38.43882000 26.47218000
869 38.40570000 26.45367000
870 38.37331000 26.46117000
871 38.34048000 26.43575000
872 38.32934000 26.39423000
873 38.31796000 26.35306000
874 38.34060000 26.31044000
875 38.31380000 26.27220000
876 38.28177000 26.23361000
877 38.25015000 26.25994000
878 38.22042000 26.29607000
879 38.23217000 26.33494000
880 38.21210000 26.37909000
881 38.20734000 26.42316000
882 38.18036000 26.46800000
883 38.15063000 26.50494000
884 38.11619000 26.51918000
885 38.11685000 26.55980000
886 38.13559000 26.60106000
887 38.16984000 26.61851000
888 38.20031000 26.65799000
889 38.20648000 26.70060000
890 38.19502000 26.74218000
891 38.16390000 26.76631000
892 38.13417000 26.79685000
893 38.10354000 26.82089000
894 38.07074000 26.83011000
895 38.05241000 26.87321000
896 38.06287000 26.91438000
897 38.05664000 26.95782000
898 38.03747000 27.00002000
899 38.00726000 27.04388000
900 37.99267000 27.08465000
901 37.98354000 27.12612000
902 37.97826000 27.17002000
903 37.95041000 27.21293000
904 37.91929000 27.22585000
905 37.88753000 27.21948000
906 37.85527000 27.20475000
907 37.82171000 27.20979000
908 37.78998000 27.21651000
909 37.75846000 27.21014000
910 37.72483000 27.19308000
911 37.70395000 27.15368000
912 37.70106000 27.11383000
913 37.69080000 27.07500000
914 37.67804000 27.03580000
915 37.68016000 26.99362000
916 37.65062000 27.02788000
917 37.63219000 27.07037000
918 37.62197000 27.11391000
919 37.60668000 27.15545000
920 37.57564000 27.16118000
921 37.54353000 27.14497000
922 37.50841000 27.14861000
923 37.47535000 27.14957000
924 37.44506000 27.17196000
925 37.41127000 27.17298000
926 37.37928000 27.17103000
927 37.35155000 27.21574000
928 37.35501000 27.25720000
929 37.36715000 27.29539000
930 37.39045000 27.33442000
931 37.39991000 27.37381000
932 37.36673000 27.37251000
933 37.33317000 27.34371000
934 37.31588000 27.38612000
935 37.33126000 27.42556000
936 37.29941000 27.44298000
937 37.26482000 27.43869000
938 37.23457000 27.46243000
939 37.25661000 27.50216000
940 37.26377000 27.54109000
941 37.23127000 27.55602000
942 37.20161000 27.51666000
943 37.16922000 27.49886000
944 37.13591000 27.48240000
945 37.10239000 27.45364000
946 37.09916000 27.41477000
947 37.11691000 27.37182000
948 37.13419000 27.32952000
949 37.13976000 27.28981000
950 37.12177000 27.24890000
951 37.09039000 27.21171000
952 37.05638000 27.18838000
953 37.02329000 27.18870000
954 36.98755000 27.20251000
955 36.96495000 27.24587000
956 36.99811000 27.28007000
957 37.01698000 27.31930000
958 37.02280000 27.35944000
959 37.00177000 27.40108000
960 36.98388000 27.44181000
961 36.98100000 27.48179000
962 36.98053000 27.52093000
963 36.96935000 27.56317000
964 36.98395000 27.60283000
965 36.98863000 27.64644000
966 36.98814000 27.68620000
967 36.97874000 27.72611000
968 36.98583000 27.76490000
969 37.01338000 27.80350000
970 37.01141000 27.84432000
971 37.00246000 27.88879000
972 36.99996000 27.92964000
973 37.00438000 27.97083000
974 37.00887000 28.01357000
975 37.01520000 28.05400000
976 37.02005000 28.09486000
977 37.02185000 28.13413000
978 37.02312000 28.17313000
979 37.02622000 28.21445000
980 37.02848000 28.25399000
981 36.99570000 28.22118000
982 36.97579000 28.17938000
983 36.94142000 28.14490000
984 36.91923000 28.10733000
985 36.91547000 28.06858000
986 36.91475000 28.02652000
987 36.87996000 27.99433000
988 36.84394000 27.97179000
989 36.81329000 27.98968000
990 36.78821000 27.94999000
991 36.79325000 27.91059000
992 36.79820000 27.86965000
993 36.80141000 27.82885000
994 36.80551000 27.78643000
995 36.79624000 27.74823000
996 36.78284000 27.70701000
997 36.78157000 27.66660000
998 36.78449000 27.62643000
999 36.77880000 27.58702000
1000 36.75162000 27.54766000
1001 36.74390000 27.50783000
1002 36.74242000 27.46500000
1003 36.74032000 27.42468000
1004 36.74829000 27.38345000
1005 36.71519000 27.36251000
1006 36.70297000 27.32283000
1007 36.67058000 27.32640000
1008 36.65407000 27.36898000
1009 36.64611000 27.41016000
1010 36.66331000 27.45091000
1011 36.65477000 27.49122000
1012 36.65616000 27.53247000
1013 36.65321000 27.57166000
1014 36.65452000 27.61200000
1015 36.68657000 27.61104000
1016 36.72134000 27.63193000
1017 36.73271000 27.67175000
1018 36.73349000 27.71218000
1019 36.73422000 27.75200000
1020 36.73320000 27.79166000
1021 36.73360000 27.83058000
1022 36.73498000 27.86942000
1023 36.73611000 27.90860000
1024 36.74939000 27.94891000
1025 36.75754000 27.99058000
1026 36.76624000 28.02883000
1027 36.73085000 28.03203000
1028 36.70002000 28.06060000
1029 36.70261000 28.02084000
1030 36.69136000 27.98099000
1031 36.67763000 27.94135000
1032 36.64638000 27.97090000
1033 36.63812000 28.01048000
1034 36.60700000 28.01487000
1035 36.59018000 27.97706000
1036 36.57974000 27.93904000
1037 36.54694000 27.93502000
1038 36.55690000 27.97337000
1039 36.57420000 28.01081000
1040 36.59795000 28.04898000
1041 36.62925000 28.08564000
1042 36.65712000 28.12291000
1043 36.68152000 28.16018000
1044 36.69468000 28.19990000
1045 36.72686000 28.22095000
1046 36.75724000 28.20199000
1047 36.79205000 28.19247000
1048 36.80807000 28.23050000
1049 36.78552000 28.27248000
1050 36.78040000 28.31277000
1051 36.81411000 28.33532000
1052 36.83508000 28.37453000
1053 36.84813000 28.41376000
1054 36.81568000 28.40151000
1055 36.78312000 28.43192000
1056 36.76792000 28.47419000
1057 36.78781000 28.51258000
1058 36.76144000 28.55412000
1059 36.72968000 28.56078000
1060 36.69799000 28.56896000
1061 36.68591000 28.61030000
1062 36.68060000 28.64929000
1063 36.67542000 28.69103000
1064 36.64307000 28.72736000
1065 36.61784000 28.76835000
1066 36.58643000 28.78283000
1067 36.60248000 28.82055000
1068 36.63407000 28.82598000
1069 36.66691000 28.84816000
1070 36.69539000 28.88843000
1071 36.67436000 28.93094000
1072 36.65229000 28.97258000
1073 36.63756000 29.01308000
1074 36.62209000 29.05392000
1075 36.58900000 29.02526000
1076 36.55642000 28.99139000
1077 36.53603000 29.03221000
1078 36.50488000 29.05327000
1079 36.47117000 29.07203000
1080 36.43999000 29.07534000
1081 36.40734000 29.07326000
1082 36.37578000 29.06805000
1083 36.34440000 29.08357000
1084 36.31200000 29.12109000
1085 36.27782000 29.15778000
1086 36.25340000 29.19775000
1087 36.22625000 29.23787000
1088 36.20014000 29.27942000
1089 36.20282000 29.31971000
1090 36.22171000 29.35899000
1091 36.18945000 29.38383000
1092 36.17064000 29.42424000
1093 36.16393000 29.46541000
1094 36.15023000 29.50486000
1095 36.15035000 29.54498000
1096 36.14185000 29.58562000
1097 36.11171000 29.62176000
1098 36.10099000 29.66310000
1099 36.10798000 29.70370000
1100 36.10751000 29.74322000
1101 36.13555000 29.78050000
1102 36.13971000 29.81917000
1103 36.17792000 29.85896000
1104 36.18845000 29.89730000
1105 36.18680000 29.93996000
1106 36.20235000 29.98169000
1107 36.21167000 30.02164000
1108 36.21406000 30.06166000
1109 36.22901000 30.10133000
1110 36.25594000 30.14586000
1111 36.26390000 30.18440000
1112 36.26507000 30.22604000
1113 36.26348000 30.26721000
1114 36.31576000 30.46588000
1115 36.34922000 30.45604000
1116 36.38137000 30.43620000
1117 36.41611000 30.45129000
1118 36.44994000 30.47651000
1119 36.48742000 30.50065000
1120 36.52057000 30.52045000
1121 36.55319000 30.53113000
1122 36.58603000 30.53293000
1123 36.61845000 30.52895000
1124 36.65081000 30.52314000
1125 36.68322000 30.51884000
1126 36.71579000 30.52005000
1127 36.75364000 30.53204000
1128 36.78543000 30.54800000
1129 36.81375000 30.58744000
1130 36.82039000 30.62791000
1131 36.82383000 30.66915000
1132 36.81420000 30.71067000
1133 36.81385000 30.74963000
1134 36.81678000 30.79181000
1135 36.81819000 30.83314000
1136 36.82228000 30.87405000
1137 36.82929000 30.91361000
1138 36.82649000 30.95604000
1139 36.81971000 30.99741000
1140 36.81364000 31.03812000
1141 36.80579000 31.07737000
1142 36.79596000 31.11729000
1143 36.78663000 31.15750000
1144 36.77855000 31.19887000
1145 36.77310000 31.23799000
1146 36.76374000 31.27878000
1147 36.74648000 31.31954000
1148 36.72825000 31.36215000
1149 36.71024000 31.40381000
1150 36.69516000 31.44474000
1151 36.67544000 31.48857000
1152 36.65910000 31.52950000
1153 36.64025000 31.56958000
1154 36.62017000 31.61029000
1155 36.60332000 31.65271000
1156 36.58573000 31.69575000
1157 36.56957000 31.73719000
1158 36.55637000 31.77944000
1159 36.53249000 31.81863000
1160 36.51245000 31.86562000
1161 36.49718000 31.90543000
1162 36.48510000 31.94513000
1163 36.47751000 31.98866000
1164 36.45850000 32.02792000
1165 36.42646000 32.07024000
1166 36.39304000 32.10402000
1167 36.36206000 32.13681000
1168 36.33008000 32.16989000
1169 36.29778000 32.19808000
1170 36.26599000 32.22866000
1171 36.23387000 32.25376000
1172 36.20150000 32.27884000
1173 36.17034000 32.30326000
1174 36.13880000 32.33527000
1175 36.10421000 32.37793000
1176 36.07574000 32.41921000
1177 36.05788000 32.46327000
1178 36.04761000 32.50503000
1179 36.03581000 32.54438000
1180 36.02255000 32.58557000
1181 36.00951000 32.62643000
1182 36.00116000 32.66811000
1183 35.99570000 32.70670000
1184 35.99273000 32.74917000
1185 35.99908000 32.78907000
1186 36.02068000 32.82842000
1187 36.05337000 32.86975000
1188 36.06977000 32.90924000
1189 36.06916000 32.94929000
1190 36.05747000 32.98949000
1191 36.03616000 33.03041000
1192 36.03259000 33.04501000
1193 36.02925000 33.02868000
1194 36.06075000 33.05495000
1195 36.08203000 33.09685000
1196 36.08704000 33.13835000
1197 36.09031000 33.18018000
1198 36.09477000 33.21928000
1199 36.09285000 33.26268000
1200 36.09903000 33.30359000
1201 36.08966000 33.34221000
1202 36.08792000 33.38318000
1203 36.10340000 33.42311000
1204 36.10705000 33.46405000
1205 36.08212000 33.50427000
1206 36.09140000 33.54365000
1207 36.12328000 33.57077000
1208 36.13549000 33.61016000
1209 36.10429000 33.63309000
1210 36.13787000 33.66267000
1211 36.15154000 33.70300000
1212 36.17454000 33.74421000
1213 36.20196000 33.78301000
1214 36.23305000 33.81362000
1215 36.26168000 33.85642000
1216 36.23143000 33.89569000
1217 36.23368000 33.93430000
1218 36.26546000 33.95313000
1219 36.28148000 33.99448000
1220 36.30610000 34.03586000
1221 36.33737000 34.05688000
1222 36.37037000 34.07457000
1223 36.40459000 34.09593000
1224 36.43634000 34.11731000
1225 36.47055000 34.14481000
1226 36.50303000 34.16867000
1227 36.53476000 34.19865000
1228 36.56868000 34.23325000
1229 36.59963000 34.27275000
1230 36.62933000 34.31687000
1231 36.65408000 34.36070000
1232 36.67291000 34.40085000
1233 36.69567000 34.44166000
1234 36.72532000 34.48193000
1235 36.75371000 34.52283000
1236 36.76582000 34.56762000
1237 36.77965000 34.60754000
1238 36.78804000 34.65049000
1239 36.78875000 34.69583000
1240 36.78431000 34.73621000
1241 36.77000000 34.77710000
1242 36.75198000 34.81733000
1243 36.72778000 34.85807000
1244 36.70405000 34.90032000
1245 36.69902000 34.94278000
1246 36.68785000 34.98240000
1247 36.67470000 35.02076000
1248 36.65142000 35.06079000
1249 36.62834000 35.10448000
1250 36.60701000 35.14357000
1251 36.58122000 35.18380000
1252 36.55568000 35.22277000
1253 36.54416000 35.26197000
1254 36.53727000 35.30459000
1255 36.54515000 35.34747000
1256 36.55497000 35.39071000
1257 36.56063000 35.43051000
1258 36.56358000 35.46935000
1259 36.56969000 35.51070000
1260 36.57260000 35.55047000
1261 36.59373000 35.59002000
1262 36.62634000 35.61854000
1263 36.65776000 35.64370000
1264 36.68842000 35.67039000
1265 36.70378000 35.63034000
1266 36.69894000 35.58985000
1267 36.73050000 35.60553000
1268 36.75600000 35.64865000
1269 36.75243000 35.69052000
1270 36.75232000 35.73032000
1271 36.76968000 35.77055000
1272 36.79117000 35.81426000
1273 36.82465000 35.86168000
1274 36.84736000 35.90395000
1275 36.87034000 35.94381000
1276 36.88118000 35.98642000
1277 36.87013000 36.02630000
1278 36.84405000 36.06513000
1279 36.81134000 36.10191000
1280 36.77606000 36.13030000
1281 36.74454000 36.14225000
1282 36.71191000 36.14772000
1283 36.67746000 36.14488000
1284 36.64630000 36.13816000
1285 36.61263000 36.13351000
1286 36.58190000 36.11673000
1287 36.54963000 36.07641000
1288 36.52380000 36.03356000
1289 36.50161000 35.99297000
1290 36.47622000 35.95171000
1291 36.44713000 35.90947000
1292 36.41624000 35.87087000
1293 36.38510000 35.83169000
1294 36.35264000 35.79739000
1295 36.31865000 35.78195000
1296 36.28632000 35.76991000
1297 36.25277000 35.75725000
1298 36.22137000 35.76471000
1299 36.18971000 35.78887000
1300 36.15767000 35.82090000
1301 36.12570000 35.84774000
1302 36.10246000 35.88297000
1303 36.14105000 35.88760000
1304 36.18372000 35.91330000
1305 36.10122000 35.88294000
1306 36.06853000 35.90789000
1307 36.03682000 35.93376000
1308 36.00475000 35.96506000
1309 35.96994000 35.98352000
1310 35.93749000 35.98023000
1311 35.90301000 35.98022000
1312 35.87114000 35.97211000
1313 35.84037000 35.95708000
1314 35.80884000 35.94355000
1315 35.82145000 35.98258000
1316 35.78899000 36.00740000
1317 35.75744000 36.02287000
1318 35.78774000 36.06268000
1319 35.78037000 36.10146000
1320 35.75865000 36.14314000
1321 35.74408000 36.18320000
1322 35.77576000 36.21284000
1323 35.80870000 36.21594000
1324 35.84157000 36.21026000
1325 35.87344000 36.20486000
1326 35.90798000 36.20225000
1327 35.92147000 36.24232000
1328 35.95279000 36.26447000
1329 35.96917000 36.30679000
1330 35.97105000 36.34684000
1331 36.00336000 36.35666000
1332 36.03477000 36.35038000
1333 36.06688000 36.34654000
1334 36.10261000 36.34586000
1335 36.13617000 36.35481000
1336 36.16766000 36.36858000
1337 36.19890000 36.39420000
1338 36.20472000 36.43299000
1339 36.21047000 36.47422000
1340 36.21422000 36.51630000
1341 36.21616000 36.56106000
1342 36.22557000 36.60183000
1343 36.24434000 36.64233000
1344 36.27567000 36.64072000
1345 36.30804000 36.62605000
1346 36.34102000 36.59585000
1347 36.37283000 36.57321000
1348 36.40594000 36.55851000
1349 36.43827000 36.54530000
1350 36.47266000 36.53917000
1351 36.50594000 36.53849000
1352 36.53958000 36.54392000
1353 36.57432000 36.55490000
1354 36.60808000 36.55485000
1355 36.64142000 36.57344000
1356 36.67676000 36.59090000
1357 36.70922000 36.59388000
1358 36.74324000 36.60427000
1359 36.77486000 36.63297000
1360 36.80566000 36.67514000
1361 36.80245000 36.71701000
1362 36.79869000 36.76039000
1363 36.78487000 36.80124000
1364 36.77171000 36.84485000
1365 36.76037000 36.88393000
1366 36.74654000 36.92319000
1367 36.73090000 36.96575000
1368 36.69756000 37.00541000
1369 36.66246000 37.02753000
1370 36.64529000 37.07026000
1371 36.64629000 37.11465000
1372 36.64466000 37.16444000
1373 36.64127000 37.20620000
1374 36.64051000 37.24990000
1375 36.64206000 37.29034000
1376 36.63890000 37.33088000
1377 36.63101000 37.37243000
1378 36.62774000 37.41570000
1379 36.63613000 37.45586000
1380 36.66018000 37.49952000
1381 36.68744000 37.54245000
1382 36.71019000 37.58733000
1383 36.72295000 37.62777000
1384 36.73195000 37.66987000
1385 36.73668000 37.71360000
1386 36.74486000 37.75722000
1387 36.75658000 37.79765000
1388 36.77161000 37.84164000
1389 36.78453000 37.88218000
1390 36.79837000 37.92430000
1391 36.81409000 37.96838000
1392 36.82992000 38.00912000
1393 36.84809000 38.05277000
1394 36.86706000 38.09464000
1395 36.88347000 38.13854000
1396 36.89157000 38.17983000
1397 36.89521000 38.22794000
1398 36.89885000 38.27575000
1399 36.89947000 38.31786000
1400 36.89177000 38.36438000
1401 36.87738000 38.40467000
1402 36.86344000 38.44588000
1403 36.83356000 38.48426000
1404 36.82043000 38.52303000
1405 36.78799000 38.56305000
1406 36.75970000 38.60359000
1407 36.73027000 38.64188000
1408 36.71165000 38.68053000
1409 36.69746000 38.72527000
1410 36.68814000 38.76509000
1411 36.67784000 38.81036000
1412 36.67271000 38.84953000
1413 36.67315000 38.89090000
1414 36.67599000 38.93335000
1415 36.68142000 38.97813000
1416 36.68361000 39.01810000
1417 36.67780000 39.05967000
1418 36.66812000 39.09942000
1419 36.65954000 39.14721000
1420 36.65080000 39.19253000
1421 36.64817000 39.23338000
1422 36.65127000 39.27831000
1423 36.66167000 39.31948000
1424 36.67361000 39.36446000
1425 36.68268000 39.40710000
1426 36.68718000 39.45217000
1427 36.69167000 39.49693000
1428 36.69675000 39.53961000
1429 36.70259000 39.58142000
1430 36.69635000 39.62754000
1431 36.69925000 39.67312000
1432 36.70786000 39.71303000
1433 36.71873000 39.76140000
1434 36.73627000 39.80449000
1435 36.75156000 39.84803000
1436 36.76146000 39.89024000
1437 36.77073000 39.93487000
1438 36.78390000 39.98014000
1439 36.80198000 40.02552000
1440 36.81934000 40.07025000
1441 36.83490000 40.11147000
1442 36.85657000 40.15814000
1443 36.87721000 40.20076000
1444 36.89783000 40.24340000
1445 36.92207000 40.28731000
1446 36.95013000 40.33342000
1447 36.97922000 40.37843000
1448 37.00869000 40.42073000
1449 37.02166000 40.46192000
1450 37.02650000 40.50702000
1451 37.03114000 40.55087000
1452 37.04339000 40.59512000
1453 37.06937000 40.64093000
1454 37.09027000 40.68478000
1455 37.10439000 40.73018000
1456 37.11111000 40.77091000
1457 37.12028000 40.81989000
1458 37.11711000 40.86032000
1459 37.10965000 40.90590000
1460 37.10109000 40.94889000
1461 37.09319000 40.98917000
1462 37.08520000 41.03436000
1463 37.07973000 41.07855000
1464 37.07597000 41.12291000
1465 37.07242000 41.16358000
1466 37.06663000 41.20434000
1467 37.06556000 41.24433000
1468 37.06693000 41.28857000
1469 37.06860000 41.32792000
1470 37.06974000 41.37122000
1471 37.07010000 41.41135000
1472 37.06969000 41.45142000
1473 37.06795000 41.49289000
1474 37.07195000 41.53341000
1475 37.07571000 41.57699000
1476 37.08133000 41.61862000
1477 37.08710000 41.66151000
1478 37.09293000 41.70317000
1479 37.10022000 41.74870000
1480 37.11152000 41.78943000
1481 37.12840000 41.83170000
1482 37.14110000 41.87323000
1483 37.14769000 41.91719000
1484 37.15666000 41.95865000
1485 37.16328000 42.00171000
1486 37.17580000 42.04513000
1487 37.19934000 42.08979000
1488 37.22986000 42.12660000
1489 37.25940000 42.15622000
1490 37.27933000 42.19901000
1491 37.26511000 42.23827000
1492 37.25788000 42.27985000
1493 37.22006000 42.30648000
1494 37.18631000 42.31808000
1495 37.15204000 42.32313000
1496 37.11893000 42.32923000
1497 37.08658000 42.33850000
1498 37.08781000 42.37879000
1499 37.10794000 42.42436000
1500 37.12164000 42.46643000
1501 37.13692000 42.51024000
1502 37.15693000 42.55680000
1503 37.18181000 42.60087000
1504 37.20995000 42.64102000
1505 37.23995000 42.66627000
1506 37.26952000 42.68745000
1507 37.30002000 42.71589000
1508 37.32966000 42.74580000
1509 37.35823000 42.78616000
1510 37.35674000 42.82784000
1511 37.33644000 42.86599000
1512 37.32738000 42.90580000
1513 37.32143000 42.94693000
1514 37.32667000 42.99036000
1515 37.33925000 43.03472000
1516 37.35561000 43.07802000
1517 37.36223000 43.11918000
1518 37.35926000 43.15914000
1519 37.34724000 43.19764000
1520 37.33488000 43.23701000
1521 37.31401000 43.27436000
1522 37.30228000 43.31472000
1523 37.30803000 43.35638000
1524 37.28956000 43.39400000
1525 37.27094000 43.43343000
1526 37.25865000 43.47089000
1527 37.24196000 43.51054000
1528 37.22887000 43.55127000
1529 37.23004000 43.59326000
1530 37.23404000 43.63965000
1531 37.22772000 43.68188000
1532 37.22897000 43.72234000
1533 37.22898000 43.76263000
1534 37.21341000 43.80236000
1535 37.20397000 43.84261000
1536 37.20998000 43.88464000
1537 37.23889000 43.92826000
1538 37.26705000 43.96902000
1539 37.29179000 44.01462000
1540 37.30859000 44.05729000
1541 37.31431000 44.10185000
1542 37.30909000 44.14365000
1543 37.30041000 44.18247000
1544 37.28086000 44.22068000
1545 37.25594000 44.25781000
1546 37.22236000 44.27259000
1547 37.18914000 44.26975000
1548 37.15735000 44.25937000
1549 37.12780000 44.24063000
1550 37.09615000 44.22874000
1551 37.06224000 44.23357000
1552 37.02716000 44.25677000
1553 36.99191000 44.28178000
1554 36.96729000 44.32064000
1555 36.98879000 44.36480000
1556 37.01984000 44.38314000
1557 37.04794000 44.41748000
1558 37.06501000 44.46356000
1559 37.08549000 44.51017000
1560 37.11343000 44.55385000
1561 37.14058000 44.59777000
1562 37.16975000 44.63861000
1563 37.18961000 44.68587000
1564 37.17822000 44.72512000
1565 37.14231000 44.75576000
1566 37.10788000 44.77855000
1567 37.13763000 44.79443000
1568 37.17069000 44.79904000
1569 37.20527000 44.77472000
1570 37.23535000 44.78974000
1571 37.26636000 44.80026000
1572 37.29930000 44.79306000
1573 37.33566000 44.75777000
1574 37.36807000 44.71938000
1575 37.37939000 44.68094000
1576 37.41658000 44.64413000
1577 37.44558000 44.60733000
1578 37.48023000 44.60027000
1579 37.51292000 44.60881000
1580 37.54515000 44.61448000
1581 37.57831000 44.60471000
1582 37.61176000 44.59185000
1583 37.64388000 44.59064000
1584 37.67435000 44.60979000
1585 37.70629000 44.62386000
1586 37.74080000 44.59427000
1587 37.76765000 44.55885000
1588 37.76801000 44.51733000
1589 37.76386000 44.47610000
1590 37.79685000 44.44089000
1591 37.83146000 44.40963000
1592 37.84781000 44.37165000
1593 37.85104000 44.33051000
1594 37.85814000 44.29023000
1595 37.87940000 44.25229000
1596 37.91093000 44.26023000
1597 37.94272000 44.27636000
1598 37.97515000 44.28539000
1599 38.00609000 44.29985000
1600 38.03472000 44.32905000
1601 38.06636000 44.34679000
1602 38.09742000 44.36540000
1603 38.12841000 44.39029000
1604 38.15859000 44.41038000
1605 38.18881000 44.42452000
1606 38.22044000 44.43133000
1607 38.25170000 44.45320000
1608 38.28112000 44.49527000
1609 38.31105000 44.50974000
1610 38.34358000 44.50130000
1611 38.35525000 44.45764000
1612 38.35144000 44.41204000
1613 38.35166000 44.37112000
1614 38.38644000 44.33741000
1615 38.41999000 44.33123000
1616 38.45153000 44.33076000
1617 38.48452000 44.32796000
1618 38.51710000 44.32985000
1619 38.54969000 44.32604000
1620 38.58123000 44.32556000
1621 38.61481000 44.31621000
1622 38.64710000 44.31014000
1623 38.68005000 44.30226000
1624 38.71447000 44.29174000
1625 38.74622000 44.29444000
1626 38.77674000 44.30552000
1627 38.81119000 44.30862000
1628 38.84731000 44.27327000
1629 38.87660000 44.23659000
1630 38.91142000 44.22987000
1631 38.94510000 44.21918000
1632 38.97866000 44.20972000
1633 39.01195000 44.20626000
1634 39.04605000 44.21055000
1635 39.07768000 44.22307000
1636 39.11044000 44.23131000
1637 39.14468000 44.20856000
1638 39.17100000 44.17128000
1639 39.19715000 44.13298000
1640 39.23191000 44.11246000
1641 39.26675000 44.10247000
1642 39.29956000 44.09569000
1643 39.33601000 44.08431000
1644 39.36872000 44.08452000
1645 39.39952000 44.09820000
1646 39.40922000 44.14370000
1647 39.40671000 44.18393000
1648 39.40844000 44.22670000
1649 39.39558000 44.26862000
1650 39.38908000 44.31145000
1651 39.39821000 44.35690000
1652 39.41333000 44.40166000
1653 39.44419000 44.42286000
1654 39.47755000 44.42428000
1655 39.50846000 44.43079000
1656 39.53813000 44.44865000
1657 39.57076000 44.46377000
1658 39.60092000 44.48430000
1659 39.63264000 44.49578000
1660 39.66569000 44.50618000
1661 39.69519000 44.53405000
1662 39.72638000 44.56508000
1663 39.75490000 44.60924000
1664 39.73278000 44.64798000
1665 39.72009000 44.68942000
1666 39.70463000 44.73106000
1667 39.67807000 44.76906000
1668 39.64740000 44.80575000
1669 39.64006000 44.84763000
1670 39.67739000 44.82772000
1671 39.71553000 44.79346000
1672 39.75413000 44.75409000
1673 39.78802000 44.71717000
1674 39.82011000 44.67801000
1675 39.85657000 44.63980000
1676 39.89057000 44.60119000
1677 39.91873000 44.56391000
1678 39.95198000 44.52769000
1679 39.98868000 44.49164000
1680 40.02240000 44.45543000
1681 40.04339000 44.41438000
1682 40.05425000 44.37276000
1683 40.05713000 44.32866000
1684 40.05859000 44.28629000
1685 40.05681000 44.24408000
1686 40.05697000 44.20216000
1687 40.05910000 44.15731000
1688 40.06549000 44.11468000
1689 40.06876000 44.07354000
1690 40.06540000 44.02853000
1691 40.06293000 43.98463000
1692 40.06789000 43.94341000
1693 40.07175000 43.90041000
1694 40.08072000 43.85846000
1695 40.10553000 43.81937000
1696 40.12492000 43.77982000
1697 40.13498000 43.73604000
1698 40.13814000 43.69452000
1699 40.17447000 43.68957000
1700 40.20890000 43.67756000
1701 40.23986000 43.68963000
1702 40.27256000 43.69872000
1703 40.30929000 43.67375000
1704 40.34363000 43.66268000
1705 40.37879000 43.65073000
1706 40.41086000 43.64320000
1707 40.44478000 43.62199000
1708 40.47601000 43.58189000
1709 40.50963000 43.56415000
1710 40.53765000 43.60373000
1711 40.56808000 43.63166000
1712 40.59947000 43.65390000
1713 40.63153000 43.67691000
1714 40.66325000 43.69501000
1715 40.69488000 43.71409000
1716 40.72752000 43.72390000
1717 40.76081000 43.71654000
1718 40.79494000 43.70798000
1719 40.82881000 43.69646000
1720 40.86356000 43.68015000
1721 40.89628000 43.67365000
1722 40.92944000 43.66787000
1723 40.96447000 43.64176000
1724 40.99689000 43.60186000
1725 41.00925000 43.55882000
1726 41.02979000 43.51852000
1727 41.06076000 43.48063000
1728 41.09408000 43.45676000
1729 41.12811000 43.44279000
1730 41.16195000 43.44352000
1731 41.19875000 43.40992000
1732 41.21046000 43.36762000
1733 41.21105000 43.32510000
1734 41.20574000 43.28178000
1735 41.21976000 43.24108000
1736 41.24825000 43.20198000
1737 41.28216000 43.16291000
1738 41.31360000 43.19501000
1739 41.34148000 43.15379000
1740 41.36369000 43.11211000
1741 41.38731000 43.07124000
1742 41.39133000 43.02744000
1743 41.42685000 42.99237000
1744 41.46070000 42.96296000
1745 41.49073000 42.92481000
1746 41.49551000 42.88005000
1747 41.50777000 42.83756000
1748 41.54271000 42.83321000
1749 41.57750000 42.83080000
1750 41.60016000 42.79124000
1751 41.59907000 42.74829000
1752 41.59386000 42.70053000
1753 41.58302000 42.65536000
1754 41.56583000 42.60874000
1755 41.53339000 42.57471000
1756 41.50382000 42.54897000
1757 41.47141000 42.51435000
1758 41.46367000 42.46639000
1759 41.47569000 42.42516000
1760 41.48020000 42.38168000
1761 41.48668000 42.33810000
1762 41.49920000 42.29624000
1763 41.50925000 42.25407000
1764 41.51009000 42.20913000
1765 41.51349000 42.16253000
1766 41.51719000 42.11859000
1767 41.51096000 42.07512000
1768 41.50276000 42.03143000
1769 41.52400000 41.99053000
1770 41.51415000 41.94501000
1771 41.48813000 41.89730000
1772 41.47050000 41.85323000
1773 41.46439000 41.80655000
1774 41.46663000 41.76411000
1775 41.48169000 41.72181000
1776 41.49655000 41.67849000
1777 41.50443000 41.63601000
1778 41.51622000 41.59395000
1779 41.53465000 41.55196000
1780 41.54552000 41.53213000
1781 41.55727000 41.53376000
